13.797876861896356
11.058360280672478
14.59694225163883
8.008345186376934
13.468364293093588
9.800615344631593
6.414192473763198
11.746660812242258
13.867600179234895
6.601491604499391
13.471666188497236
18.052431972575853
12.492117283330714
10.73948084891024
19.38328935404434
9.119714759457162
8.779250621150506
5.5350997969462465
10.581794243106872
11.153202363009317
15.232067005052413
7.371760682495755
3.562989844822562
3.5934115401884035
14.023455047423905
6.672203849513566
8.553007952901737
16.36943989168835
13.334883141979628
17.692040549893502
13.174261943852395
12.348171152422061
2.4723888443573983
10.887904214403152
8.866808955419833
11.428917280212717
10.918203220927934
12.829082670199723
6.8451078918687465
7.243177930252867
5.770134641195606
3.5956818659905743
14.34622309067334
5.531698573241611
16.5762127036239
8.618523868829785
3.7071638619115284
11.23260454034989
5.223782534018354
4.792689358373237
